
================================================================================
RELATORIO DE ANALISE DE ESTABILIDADE DE TENSAO (COLAPSO)
SISTEMA: IEEE 118 BARRAS
DATA: 16/05/2026 13:44:15
================================================================================
RESUMO DO PONTO DE COLAPSO
--------------------------
Fator de Escala Final (Lambda): 3.1871
Carregamento Total do Sistema : 13519.52 MW
Tensao Minima do Sistema      : 0.6981 pu (Barra 43)
ESTADO DAS BARRAS
================================================================================
BARRA   | V (pu)  | ANG (deg) | P_INJ (MW) | Q_INJ (Mvar)
--------------------------------------------------------------------------------
43      | 0.6981  | -69.24    | 50.99      | 20.62       
37      | 0.7121  | -75.73    | 0.00       | 0.00        
44      | 0.7558  | -54.91    | 168.91     | 64.40       
20      | 0.7742  | -91.90    | 44.62      | 25.50       
21      | 0.7755  | -78.54    | 31.87      | 15.94       
42      | 0.7947  | -95.09    | 57.37      | 22.31       
19      | 0.8362  | -99.71    | 57.37      | 9.56        
29      | 0.8477  | -73.37    | 0.00       | 0.00        
51      | 0.8693  | -49.42    | 57.37      | 15.94       
94      | 0.8749  | -0.57     | 133.86     | 98.80       
52      | 0.8780  | -52.64    | 73.30      | 35.06       
50      | 0.8927  | -45.95    | 54.18      | 25.50       
117     | 0.8983  | -15.13    | 105.17     | 47.81       
81      | 0.9037  | 0.67      | 172.10     | 69.72       
74      | 0.9039  | -10.57    | 149.79     | 35.06       
95      | 0.9063  | 0.81      | 121.11     | 47.81       
82      | 0.9073  | 3.30      | 63.74      | 23.64       
57      | 0.9086  | -48.56    | 38.24      | 9.56        
12      | 0.9104  | -102.15   | 108.36     | 50.99       
105     | 0.9166  | -30.99    | 137.04     | 50.99       
93      | 0.9196  | 1.56      | 95.61      | 50.99       
32      | 0.9210  | -103.62   | 73.30      | 28.68       
22      | 0.9243  | -56.13    | 22.31      | 9.56        
116     | 0.9273  | -104.38   | 63.74      | 25.50       
38      | 0.9284  | -109.09   | 86.05      | 35.06       
92      | 0.9315  | 7.50      | 38.24      | 22.31       
62      | 0.9345  | -17.91    | 0.00       | 0.00        
46      | 0.9354  | -29.56    | 108.36     | 0.00        
83      | 0.9399  | 9.04      | 35.06      | 22.31       
8       | 0.9410  | -44.10    | 0.00       | 0.00        
27      | 0.9420  | -92.35    | 54.18      | 22.31       
36      | 0.9425  | -98.23    | 0.00       | 22.21       
75      | 0.9430  | -16.71    | 216.72     | -138.28     
56      | 0.9441  | -45.57    | 38.24      | 9.56        
100     | 0.9444  | 2.59      | 70.12      | 47.81       
114     | 0.9459  | -89.24    | 70.12      | 22.31       
40      | 0.9463  | -112.37   | 117.92     | 31.87       
113     | 0.9470  | -89.20    | 25.50      | 9.56        
15      | 0.9476  | -99.83    | 79.68      | 31.87       
2       | 0.9482  | -101.98   | 124.30     | 31.87       
87      | 0.9508  | 21.86     | 152.98     | 31.87       
96      | 0.9509  | 4.39      | 47.81      | 28.68       
28      | 0.9517  | -95.96    | 76.49      | 12.75       
54      | 0.9520  | -50.06    | 200.78     | -38.88      
106     | 0.9520  | -41.40    | 159.35     | -70.40      
55      | 0.9540  | -49.57    | 267.71     | -156.54     
53      | 0.9550  | -49.27    | 207.16     | -114.74     
0       | 0.9550  | -105.74   | 162.54     | -67.14      
16      | 0.9565  | -92.78    | 35.06      | 9.56        
1       | 0.9566  | -103.00   | 63.74      | 28.68       
108     | 0.9575  | -35.98    | 25.50      | 9.56        
107     | 0.9577  | -34.46    | 6.37       | 3.19        
85      | 0.9578  | 8.62      | 66.93      | 31.87       
73      | 0.9580  | -17.55    | 216.72     | -188.43     
63      | 0.9580  | -10.71    | 0.00       | 0.00        
10      | 0.9606  | -97.39    | 223.09     | 73.30       
18      | 0.9620  | -103.71   | 143.42     | -88.44      
31      | 0.9630  | -88.05    | 188.04     | -200.30     
104     | 0.9650  | -30.52    | 98.80      | -115.68     
101     | 0.9651  | 11.08     | 15.94      | 9.56        
30      | 0.9670  | -95.72    | 114.73     | -95.13      
26      | 0.9680  | -86.50    | 226.28     | -279.30     
34      | 0.9688  | -102.18   | 105.17     | 28.68       
39      | 0.9700  | -112.16   | 210.35     | -209.09     
14      | 0.9700  | -102.99   | 286.84     | -219.46     
103     | 0.9710  | -26.40    | 121.11     | -52.13      
109     | 0.9730  | -38.89    | 124.30     | -56.50      
17      | 0.9730  | -101.73   | 191.22     | -123.72     
49      | 0.9733  | -37.12    | 54.18      | 12.75       
111     | 0.9750  | -48.95    | 216.72     | -106.54     
78      | 0.9756  | 3.04      | 124.30     | 82.95       
13      | 0.9768  | -101.64   | 44.62      | 3.19        
110     | 0.9800  | -33.43    | -114.73    | 19.58       
35      | 0.9800  | -102.34   | 98.80      | -126.28     
90      | 0.9800  | 12.84     | 31.87      | 5.57        
71      | 0.9800  | -37.80    | 38.24      | -36.06      
70      | 0.9810  | -20.27    | 0.00       | 0.00        
77      | 0.9834  | 2.04      | 226.28     | 82.86       
33      | 0.9840  | -100.73   | 188.04     | -621.75     
69      | 0.9840  | -16.33    | 210.35     | -407.53     
58      | 0.9850  | -31.01    | 388.82     | -195.23     
41      | 0.9850  | -103.87   | 305.96     | -511.42     
89      | 0.9850  | 12.56     | 519.49     | -208.16     
84      | 0.9850  | 12.60     | 76.49      | -183.53     
59      | 0.9863  | -16.56    | 248.59     | 9.56        
6       | 0.9875  | -98.04    | 60.55      | 6.37        
91      | 0.9900  | 15.59     | 207.16     | -302.69     
11      | 0.9900  | -99.29    | -121.11    | -318.42     
5       | 0.9900  | -96.56    | 165.73     | -60.50      
72      | 0.9910  | -20.92    | 19.12      | -25.07      
23      | 0.9920  | -50.91    | 41.43      | -169.78     
97      | 0.9928  | 1.65      | 108.36     | 25.50       
112     | 0.9930  | -93.15    | 19.12      | -140.03     
80      | 0.9942  | 8.86      | 0.00       | 0.00        
60      | 0.9950  | -13.49    | -509.93    | -49.47      
66      | 0.9965  | -11.06    | 89.24      | 22.31       
4       | 0.9974  | -87.09    | 0.00       | 39.79       
3       | 0.9980  | -88.72    | 124.30     | -91.50      
61      | 0.9980  | -15.78    | 245.40     | -72.87      
67      | 0.9987  | 8.16      | 0.00       | 0.00        
47      | 1.0002  | -34.31    | 63.74      | 20.05       
45      | 1.0050  | -42.31    | 28.68      | -284.04     
88      | 1.0050  | 34.55     | -1934.55   | -59.21      
115     | 1.0050  | 6.76      | 586.42     | -203.48     
64      | 1.0050  | 2.80      | -1246.14   | -1082.19    
76      | 1.0060  | 2.97      | 194.41     | -502.81     
98      | 1.0100  | -2.99     | 133.86     | -15.48      
102     | 1.0100  | -15.99    | -54.18     | -181.67     
86      | 1.0150  | 9.74      | -12.75     | -24.13      
25      | 1.0150  | -30.03    | -1000.74   | -389.59     
7       | 1.0150  | -70.24    | 89.24      | -1208.03    
99      | 1.0170  | -1.92     | -685.22    | -303.12     
48      | 1.0250  | -30.57    | -372.89    | -1298.97    
68      | 1.0350  | 30.00     | -3373.11   | -539.33     
79      | 1.0400  | 9.98      | -1105.91   | -161.26     
24      | 1.0500  | -35.50    | -701.15    | -314.75     
65      | 1.0500  | -2.42     | -1125.03   | -92.25      
9       | 1.0500  | -17.20    | -1434.18   | -504.61     

================================================================================
FLUXO NOS RAMOS (LINHAS E TRANSFORMADORES)
================================================================================
TIPO  | ID    | DE      | PARA    | P_DE (MW) | Q_DE (Mvar) | CARREG (%)
--------------------------------------------------------------------------------
LIN   | 7     | 8       | 9       | -1378.38  | 69.56       | 14.8
LIN   | 6     | 7       | 8       | -1326.02  | 612.73      | 14.8
TRF   | 8     | 67      | 68      | -1111.58  | 310.25      | 11.7
TRF   | 0     | 7       | 4       | 1115.47   | 292.72      | 11.5
LIN   | 89    | 37      | 64      | -671.94   | 404.83      | 11.1
TRF   | 3     | 37      | 36      | 732.68    | -221.49     | 10.9
TRF   | 2     | 29      | 16      | 723.19    | -43.43      | 8.6
LIN   | 34    | 25      | 29      | 724.09    | 356.21      | 8.2
LIN   | 90    | 63      | 64      | -744.31   | -11.96      | 7.8
LIN   | 128   | 88      | 91      | 642.00    | 8.03        | 6.5
TRF   | 12    | 115     | 67      | -586.42   | 203.48      | 6.3
LIN   | 98    | 68      | 69      | 614.20    | 138.11      | 6.1
LIN   | 46    | 33      | 36      | -288.20   | 522.16      | 6.1
TRF   | 4     | 62      | 58      | 563.17    | 35.55       | 6.1
LIN   | 88    | 62      | 63      | -563.17   | -35.55      | 6.1
TRF   | 7     | 64      | 67      | -577.39   | 84.23       | 6.0
LIN   | 91    | 48      | 65      | -511.21   | 209.46      | 5.4
LIN   | 92    | 48      | 65      | -511.21   | 209.46      | 5.4
LIN   | 106   | 68      | 74      | 537.61    | 110.45      | 5.4
LIN   | 30    | 24      | 26      | 520.24    | 172.79      | 5.3
LIN   | 29    | 22      | 24      | -424.60   | 11.77       | 4.6
LIN   | 150   | 99      | 102     | 455.32    | -69.29      | 4.6
LIN   | 109   | 68      | 76      | 468.18    | -6.49       | 4.6
LIN   | 37    | 22      | 31      | 401.41    | -29.64      | 4.4
LIN   | 85    | 59      | 60      | -385.64   | 21.34       | 4.0
LIN   | 19    | 14      | 16      | -327.51   | 160.59      | 3.8
LIN   | 126   | 88      | 89      | 372.55    | -1.92       | 3.7
LIN   | 33    | 7       | 29      | 121.31    | 302.57      | 3.7
LIN   | 61    | 41      | 48      | -240.98   | 259.73      | 3.6
LIN   | 62    | 41      | 48      | -240.98   | 259.73      | 3.6
LIN   | 2     | 3       | 4       | -336.20   | 86.54       | 3.5
LIN   | 96    | 46      | 68      | -236.59   | 207.20      | 3.4
LIN   | 124   | 87      | 88      | -291.40   | 16.43       | 3.1
LIN   | 97    | 48      | 68      | -215.59   | 224.59      | 3.1
LIN   | 4     | 4       | 5       | 295.00    | -27.13      | 3.0
LIN   | 107   | 73      | 74      | -197.61   | 202.85      | 3.0
LIN   | 21    | 16      | 17      | 268.79    | -74.93      | 2.9
TRF   | 6     | 64      | 65      | 277.77    | 84.91       | 2.9
TRF   | 1     | 25      | 24      | 276.64    | 33.38       | 2.8
LIN   | 49    | 29      | 37      | 63.81     | 193.14      | 2.7
LIN   | 9     | 4       | 10      | 251.79    | 0.70        | 2.6
LIN   | 113   | 76      | 79      | -251.49   | 31.37       | 2.5
LIN   | 164   | 109     | 111     | 232.04    | -72.73      | 2.5
LIN   | 3     | 2       | 4       | -217.36   | 33.48       | 2.3
LIN   | 63    | 44      | 48      | -174.64   | -9.41       | 2.3
LIN   | 57    | 44      | 45      | -146.40   | -83.17      | 2.3
LIN   | 27    | 21      | 22      | -172.20   | -2.73       | 2.2
LIN   | 108   | 75      | 76      | -198.84   | 55.34       | 2.2
LIN   | 28    | 22      | 23      | -188.18   | -69.88      | 2.2
LIN   | 123   | 84      | 88      | -205.74   | 56.20       | 2.2
LIN   | 111   | 76      | 77      | 169.82    | 132.00      | 2.2
LIN   | 10    | 10      | 11      | 107.93    | -174.48     | 2.2
LIN   | 161   | 102     | 109     | 214.58    | 14.74       | 2.2
LIN   | 8     | 3       | 10      | 211.91    | 4.96        | 2.1
LIN   | 154   | 99      | 105     | 208.53    | 37.55       | 2.1
LIN   | 56    | 43      | 44      | -142.73   | 8.45        | 2.1
LIN   | 151   | 99      | 103     | 205.19    | 18.26       | 2.0
LIN   | 129   | 88      | 91      | 202.71    | -8.83       | 2.0
TRF   | 5     | 63      | 60      | 174.88    | -77.03      | 2.0
LIN   | 66    | 48      | 50      | 196.04    | 51.54       | 2.0
LIN   | 84    | 58      | 60      | -182.82   | 61.86       | 2.0
LIN   | 125   | 88      | 89      | 195.77    | -7.62       | 2.0
LIN   | 115   | 78      | 79      | -182.78   | -38.99      | 1.9
LIN   | 142   | 93      | 99      | 47.01     | -168.39     | 1.9
LIN   | 100   | 69      | 70      | 179.66    | -30.25      | 1.9
LIN   | 26    | 20      | 21      | -133.43   | 43.74       | 1.8
LIN   | 155   | 103     | 104     | 172.16    | -23.90      | 1.8
LIN   | 58    | 45      | 46      | -129.82   | 110.57      | 1.7
LIN   | 83    | 58      | 59      | -155.33   | 52.47       | 1.7
LIN   | 131   | 91      | 92      | 162.20    | 28.77       | 1.7
LIN   | 102   | 70      | 71      | 157.43    | -15.82      | 1.6
LIN   | 47    | 36      | 38      | 150.02    | -19.35      | 1.6
LIN   | 65    | 48      | 49      | 159.32    | 21.59       | 1.6
LIN   | 95    | 65      | 66      | 161.75    | 29.82       | 1.6
LIN   | 122   | 84      | 87      | -133.70   | 69.83       | 1.6
LIN   | 153   | 102     | 104     | 149.77    | -4.24       | 1.5
LIN   | 132   | 91      | 93      | 144.98    | 15.17       | 1.5
LIN   | 82    | 54      | 58      | -133.35   | 35.96       | 1.5
LIN   | 25    | 19      | 20      | -84.97    | 85.67       | 1.5
LIN   | 171   | 74      | 117     | 127.37    | -22.94      | 1.4
LIN   | 1     | 0       | 2       | -122.40   | 56.57       | 1.4
LIN   | 99    | 23      | 69      | -134.41   | 39.55       | 1.4
LIN   | 148   | 91      | 101     | 138.61    | 18.25       | 1.4
LIN   | 60    | 46      | 48      | -12.67    | -130.66     | 1.4
LIN   | 139   | 79      | 97      | 143.90    | 22.28       | 1.4
LIN   | 43    | 34      | 36      | -108.79   | 79.04       | 1.4
LIN   | 138   | 79      | 96      | 119.13    | 79.52       | 1.4
LIN   | 54    | 42      | 43      | -80.29    | 71.88       | 1.4
LIN   | 64    | 47      | 48      | -131.74   | 1.29        | 1.3
LIN   | 48    | 36      | 39      | 116.62    | -42.48      | 1.3
LIN   | 79    | 53      | 58      | -120.94   | 31.97       | 1.3
LIN   | 133   | 92      | 93      | 116.79    | -15.06      | 1.3
LIN   | 38    | 30      | 31      | -112.19   | 45.16       | 1.3
LIN   | 81    | 55      | 58      | -110.01   | 42.60       | 1.3
LIN   | 149   | 100     | 101     | -116.40   | 15.77       | 1.3
LIN   | 116   | 76      | 81      | 75.96     | 90.78       | 1.2
LIN   | 134   | 93      | 94      | 89.76     | 68.38       | 1.2
LIN   | 55    | 33      | 42      | -16.94    | 115.16      | 1.2
LIN   | 14    | 10      | 12      | 110.31    | 35.67       | 1.2
LIN   | 5     | 5       | 6       | 118.78    | -12.83      | 1.2
LIN   | 80    | 55      | 58      | -105.26   | 39.70       | 1.2
LIN   | 114   | 76      | 79      | -119.31   | 7.13        | 1.2
LIN   | 163   | 109     | 110     | -111.64   | 28.29       | 1.2
LIN   | 23    | 18      | 19      | -24.13    | 108.93      | 1.2
LIN   | 110   | 74      | 76      | -106.94   | -3.40       | 1.2
LIN   | 165   | 16      | 112     | -13.35    | -112.37     | 1.2
LIN   | 31    | 26      | 27      | 111.03    | 9.15        | 1.2
LIN   | 101   | 23      | 71      | -101.53   | 41.89       | 1.1
LIN   | 119   | 82      | 84      | -100.65   | -11.87      | 1.1
LIN   | 135   | 79      | 95      | 95.13     | 61.71       | 1.1
LIN   | 152   | 102     | 103     | 112.40    | -0.09       | 1.1
LIN   | 42    | 34      | 35      | 3.61      | -107.73     | 1.1
LIN   | 11    | 1       | 11      | -104.46   | -17.71      | 1.1
LIN   | 140   | 79      | 98      | 115.12    | -0.16       | 1.1
LIN   | 70    | 48      | 53      | 112.22    | 10.48       | 1.1
LIN   | 117   | 81      | 82      | -95.72    | 21.27       | 1.1
LIN   | 93    | 61      | 65      | -108.13   | 10.22       | 1.1
LIN   | 71    | 48      | 53      | 110.65    | 5.54        | 1.1
LIN   | 120   | 83      | 84      | -98.00    | -17.77      | 1.1
LIN   | 53    | 40      | 41      | -98.84    | 8.96        | 1.1
LIN   | 50    | 38      | 39      | 55.72     | -79.30      | 1.1
LIN   | 87    | 60      | 61      | 99.62     | -28.14      | 1.1
LIN   | 141   | 91      | 99      | 99.42     | -17.39      | 1.0
LIN   | 76    | 49      | 56      | 98.56     | -7.82       | 1.0
LIN   | 45    | 33      | 35      | 96.32     | -15.47      | 1.0
LIN   | 157   | 104     | 106     | 91.68     | -12.87      | 1.0
LIN   | 67    | 50      | 51      | 83.01     | 8.70        | 0.9
LIN   | 159   | 105     | 106     | 76.90     | -34.12      | 0.9
LIN   | 172   | 75      | 117     | -17.88    | 82.94       | 0.9
TRF   | 10    | 80      | 79      | -58.36    | 67.44       | 0.9
TRF   | 9     | 80      | 67      | 58.36     | -67.44      | 0.9
LIN   | 158   | 104     | 107     | 83.62     | -18.84      | 0.9
LIN   | 156   | 104     | 105     | 32.88     | 76.32       | 0.9
LIN   | 105   | 69      | 74      | -41.52    | 69.94       | 0.9
LIN   | 147   | 99      | 100     | -44.42    | 68.91       | 0.8
LIN   | 160   | 107     | 108     | 75.19     | -25.85      | 0.8
LIN   | 144   | 95      | 96      | -66.68    | -31.71      | 0.8
LIN   | 69    | 52      | 53      | -49.80    | -44.70      | 0.8
LIN   | 112   | 77      | 78      | -58.18    | 44.70       | 0.8
LIN   | 52    | 39      | 41      | -69.57    | 16.40       | 0.8
LIN   | 170   | 11      | 116     | 65.52     | 29.75       | 0.7
LIN   | 59    | 45      | 47      | -65.00    | 26.01       | 0.7
LIN   | 22    | 17      | 18      | 67.11     | 7.06        | 0.7
LIN   | 94    | 61      | 66      | -65.78    | 17.08       | 0.7
LIN   | 168   | 26      | 114     | 62.73     | 15.44       | 0.7
LIN   | 118   | 82      | 83      | -60.13    | 8.28        | 0.7
LIN   | 143   | 94      | 95      | -46.09    | -36.10      | 0.7
LIN   | 75    | 55      | 56      | -53.97    | 30.07       | 0.7
LIN   | 162   | 108     | 109     | 48.98     | -36.69      | 0.6
LIN   | 20    | 15      | 16      | -58.31    | 11.77       | 0.6
LIN   | 32    | 27      | 28      | 54.32     | -22.54      | 0.6
LIN   | 13    | 6       | 11      | 57.56     | -21.70      | 0.6
LIN   | 44    | 32      | 36      | -55.96    | 3.60        | 0.6
LIN   | 78    | 50      | 57      | 39.76     | -33.32      | 0.6
LIN   | 15    | 11      | 13      | 56.80     | 1.42        | 0.6
LIN   | 121   | 84      | 85      | 55.55     | 6.51        | 0.6
LIN   | 74    | 54      | 55      | -49.88    | 3.56        | 0.5
LIN   | 18    | 11      | 15      | 21.91     | 43.74       | 0.5
LIN   | 73    | 53      | 55      | 48.64     | -4.21       | 0.5
LIN   | 77    | 55      | 57      | 0.10      | 43.87       | 0.5
LIN   | 51    | 39      | 40      | 19.40     | 40.79       | 0.5
LIN   | 36    | 28      | 30      | -23.09    | -36.78      | 0.5
LIN   | 166   | 31      | 112     | 34.90     | -25.34      | 0.5
LIN   | 0     | 0       | 1       | -40.14    | 10.56       | 0.4
LIN   | 167   | 31      | 113     | 33.83     | 17.20       | 0.4
LIN   | 40    | 14      | 32      | 17.90     | 31.27       | 0.4
LIN   | 145   | 97      | 99      | 30.85     | -21.50      | 0.4
LIN   | 12    | 2       | 11      | -31.91    | -16.28      | 0.4
LIN   | 130   | 90      | 91      | -35.43    | 2.39        | 0.4
LIN   | 24    | 14      | 18      | 32.43     | 9.53        | 0.4
LIN   | 39    | 26      | 31      | 32.52     | -3.90       | 0.3
LIN   | 103   | 70      | 72      | 19.21     | -25.74      | 0.3
LIN   | 35    | 16      | 30      | 26.30     | -15.47      | 0.3
LIN   | 86    | 59      | 61      | -27.12    | -15.24      | 0.3
TRF   | 11    | 86      | 85      | 12.75     | 24.13       | 0.3
LIN   | 68    | 51      | 52      | 23.86     | -11.30      | 0.3
LIN   | 16    | 12      | 14      | -1.30     | -24.37      | 0.3
LIN   | 104   | 69      | 73      | 19.35     | 12.01       | 0.3
LIN   | 146   | 98      | 99      | -24.30    | -4.20       | 0.2
LIN   | 41    | 18      | 33      | -20.44    | -4.75       | 0.2
LIN   | 137   | 93      | 95      | 15.37     | 8.41        | 0.2
LIN   | 72    | 53      | 54      | 17.62     | -0.96       | 0.2
LIN   | 169   | 113     | 114     | 8.12      | 8.16        | 0.1
LIN   | 17    | 13      | 14      | 11.47     | -2.34       | 0.1
LIN   | 127   | 89      | 90      | -3.54     | 5.94        | 0.1
LIN   | 136   | 81      | 95      | -4.77     | -5.19       | 0.1

================================================================================
FIM DO RELATORIO
================================================================================
