
X----X----------------X--------------------------X-------------------------X---------X
                               AUMENTO DA CARGA                           
  NUM.   CONVERGENCIA       ATIVA E REATIVA (%)        CARGA TOTAL         PASSO MAX 
          STATUS          MAXIMO (LAMBDA-1)          MW    /   Mvar           (%)    
X----X----------------X--------------------------X-------------------------X---------X
  0    Convergente        0.000    0.000    0.000    1250.80 MW     0.0000
                                                           336.40 Mvar   0.0000
  1    Convergente        0.200    0.200    0.200    1253.30 MW     0.2000
                                                           337.07 Mvar   0.2000
  2    Convergente        0.400    0.400    0.400    1255.80 MW     0.2000
                                                           337.75 Mvar   0.2000
  3    Convergente        0.600    0.600    0.600    1258.30 MW     0.2000
                                                           338.42 Mvar   0.2000
  4    Convergente        0.800    0.800    0.800    1260.81 MW     0.2000
                                                           339.09 Mvar   0.2000
  5    Convergente        1.000    1.000    1.000    1263.31 MW     0.2000
                                                           339.76 Mvar   0.2000
  6    Convergente        1.200    1.200    1.200    1265.81 MW     0.2000
                                                           340.44 Mvar   0.2000
  7    Convergente        1.400    1.400    1.400    1268.31 MW     0.2000
                                                           341.11 Mvar   0.2000
  8    Convergente        1.600    1.600    1.600    1270.81 MW     0.2000
                                                           341.78 Mvar   0.2000
  9    Convergente        1.800    1.800    1.800    1273.31 MW     0.2000
                                                           342.46 Mvar   0.2000
  10   Convergente        2.000    2.000    2.000    1275.82 MW     0.2000
                                                           343.13 Mvar   0.2000
  11   Convergente        2.200    2.200    2.200    1278.32 MW     0.2000
                                                           343.80 Mvar   0.2000
  12   Convergente        2.400    2.400    2.400    1280.82 MW     0.2000
                                                           344.47 Mvar   0.2000
  13   Convergente        2.600    2.600    2.600    1283.32 MW     0.2000
                                                           345.15 Mvar   0.2000
  14   Convergente        2.800    2.800    2.800    1285.82 MW     0.2000
                                                           345.82 Mvar   0.2000
  15   Convergente        3.000    3.000    3.000    1288.32 MW     0.2000
                                                           346.49 Mvar   0.2000
  16   Convergente        3.200    3.200    3.200    1290.83 MW     0.2000
                                                           347.16 Mvar   0.2000
  17   Convergente        3.400    3.400    3.400    1293.33 MW     0.2000
                                                           347.84 Mvar   0.2000
  18   Convergente        3.600    3.600    3.600    1295.83 MW     0.2000
                                                           348.51 Mvar   0.2000
  19   Convergente        3.800    3.800    3.800    1298.33 MW     0.2000
                                                           349.18 Mvar   0.2000
  20   Convergente        4.000    4.000    4.000    1300.83 MW     0.2000
                                                           349.86 Mvar   0.2000
  21   Convergente        4.200    4.200    4.200    1303.33 MW     0.2000
                                                           350.53 Mvar   0.2000
  22   Convergente        4.400    4.400    4.400    1305.84 MW     0.2000
                                                           351.20 Mvar   0.2000
  23   Convergente        4.600    4.600    4.600    1308.34 MW     0.2000
                                                           351.87 Mvar   0.2000
  24   Convergente        4.800    4.800    4.800    1310.84 MW     0.2000
                                                           352.55 Mvar   0.2000
  25   Convergente        5.000    5.000    5.000    1313.34 MW     0.2000
                                                           353.22 Mvar   0.2000
  26   Convergente        5.200    5.200    5.200    1315.84 MW     0.2000
                                                           353.89 Mvar   0.2000
  27   Convergente        5.400    5.400    5.400    1318.34 MW     0.2000
                                                           354.57 Mvar   0.2000
  28   Convergente        5.600    5.600    5.600    1320.84 MW     0.2000
                                                           355.24 Mvar   0.2000
  29   Convergente        5.800    5.800    5.800    1323.35 MW     0.2000
                                                           355.91 Mvar   0.2000
  30   Convergente        6.000    6.000    6.000    1325.85 MW     0.2000
                                                           356.58 Mvar   0.2000
  31   Convergente        6.200    6.200    6.200    1328.35 MW     0.2000
                                                           357.26 Mvar   0.2000
  32   Convergente        6.400    6.400    6.400    1330.85 MW     0.2000
                                                           357.93 Mvar   0.2000
  33   Convergente        6.600    6.600    6.600    1333.35 MW     0.2000
                                                           358.60 Mvar   0.2000
  34   Convergente        6.800    6.800    6.800    1335.85 MW     0.2000
                                                           359.28 Mvar   0.2000
  35   Convergente        7.000    7.000    7.000    1338.36 MW     0.2000
                                                           359.95 Mvar   0.2000
  36   Convergente        7.200    7.200    7.200    1340.86 MW     0.2000
                                                           360.62 Mvar   0.2000
  37   Convergente        7.400    7.400    7.400    1343.36 MW     0.2000
                                                           361.29 Mvar   0.2000
  38   Convergente        7.600    7.600    7.600    1345.86 MW     0.2000
                                                           361.97 Mvar   0.2000
  39   Convergente        7.800    7.800    7.800    1348.36 MW     0.2000
                                                           362.64 Mvar   0.2000
  40   Convergente        8.000    8.000    8.000    1350.86 MW     0.2000
                                                           363.31 Mvar   0.2000
  41   Convergente        8.200    8.200    8.200    1353.37 MW     0.2000
                                                           363.98 Mvar   0.2000
  42   Convergente        8.400    8.400    8.400    1355.87 MW     0.2000
                                                           364.66 Mvar   0.2000
  43   Convergente        8.600    8.600    8.600    1358.37 MW     0.2000
                                                           365.33 Mvar   0.2000
  44   Convergente        8.800    8.800    8.800    1360.87 MW     0.2000
                                                           366.00 Mvar   0.2000
  45   Convergente        9.000    9.000    9.000    1363.37 MW     0.2000
                                                           366.68 Mvar   0.2000
  46   Convergente        9.200    9.200    9.200    1365.87 MW     0.2000
                                                           367.35 Mvar   0.2000
  47   Convergente        9.400    9.400    9.400    1368.38 MW     0.2000
                                                           368.02 Mvar   0.2000
  48   Convergente        9.600    9.600    9.600    1370.88 MW     0.2000
                                                           368.69 Mvar   0.2000
  49   Convergente        9.800    9.800    9.800    1373.38 MW     0.2000
                                                           369.37 Mvar   0.2000
  50   Convergente       10.000   10.000   10.000    1375.88 MW     0.2000
                                                           370.04 Mvar   0.2000
  51   Convergente       10.200   10.200   10.200    1378.38 MW     0.2000
                                                           370.71 Mvar   0.2000
  52   Convergente       10.400   10.400   10.400    1380.88 MW     0.2000
                                                           371.39 Mvar   0.2000
  53   Convergente       10.600   10.600   10.600    1383.38 MW     0.2000
                                                           372.06 Mvar   0.2000
  54   Convergente       10.800   10.800   10.800    1385.89 MW     0.2000
                                                           372.73 Mvar   0.2000
  55   Convergente       11.000   11.000   11.000    1388.39 MW     0.2000
                                                           373.40 Mvar   0.2000
  56   Convergente       11.200   11.200   11.200    1390.89 MW     0.2000
                                                           374.08 Mvar   0.2000
  57   Convergente       11.400   11.400   11.400    1393.39 MW     0.2000
                                                           374.75 Mvar   0.2000
  58   Convergente       11.600   11.600   11.600    1395.89 MW     0.2000
                                                           375.42 Mvar   0.2000
  59   Convergente       11.800   11.800   11.800    1398.39 MW     0.2000
                                                           376.10 Mvar   0.2000
  60   Convergente       12.000   12.000   12.000    1400.90 MW     0.2000
                                                           376.77 Mvar   0.2000
  61   Convergente       12.200   12.200   12.200    1403.40 MW     0.2000
                                                           377.44 Mvar   0.2000
  62   Convergente       12.400   12.400   12.400    1405.90 MW     0.2000
                                                           378.11 Mvar   0.2000
  63   Convergente       12.600   12.600   12.600    1408.40 MW     0.2000
                                                           378.79 Mvar   0.2000
  64   Convergente       12.800   12.800   12.800    1410.90 MW     0.2000
                                                           379.46 Mvar   0.2000
  65   Convergente       13.000   13.000   13.000    1413.40 MW     0.2000
                                                           380.13 Mvar   0.2000
  66   Convergente       13.200   13.200   13.200    1415.91 MW     0.2000
                                                           380.80 Mvar   0.2000
  67   Convergente       13.400   13.400   13.400    1418.41 MW     0.2000
                                                           381.48 Mvar   0.2000
  68   Convergente       13.600   13.600   13.600    1420.91 MW     0.2000
                                                           382.15 Mvar   0.2000
  69   Convergente       13.800   13.800   13.800    1423.41 MW     0.2000
                                                           382.82 Mvar   0.2000
  70   Convergente       14.000   14.000   14.000    1425.91 MW     0.2000
                                                           383.50 Mvar   0.2000
  71   Convergente       14.200   14.200   14.200    1428.41 MW     0.2000
                                                           384.17 Mvar   0.2000
  72   Convergente       14.400   14.400   14.400    1430.92 MW     0.2000
                                                           384.84 Mvar   0.2000
  73   Convergente       14.600   14.600   14.600    1433.42 MW     0.2000
                                                           385.51 Mvar   0.2000
  74   Convergente       14.800   14.800   14.800    1435.92 MW     0.2000
                                                           386.19 Mvar   0.2000
  75   Convergente       15.000   15.000   15.000    1438.42 MW     0.2000
                                                           386.86 Mvar   0.2000
  76   Convergente       15.200   15.200   15.200    1440.92 MW     0.2000
                                                           387.53 Mvar   0.2000
  77   Convergente       15.400   15.400   15.400    1443.42 MW     0.2000
                                                           388.21 Mvar   0.2000
  78   Convergente       15.600   15.600   15.600    1445.92 MW     0.2000
                                                           388.88 Mvar   0.2000
  79   Convergente       15.800   15.800   15.800    1448.43 MW     0.2000
                                                           389.55 Mvar   0.2000
  80   Convergente       16.000   16.000   16.000    1450.93 MW     0.2000
                                                           390.22 Mvar   0.2000
  81   Convergente       16.200   16.200   16.200    1453.43 MW     0.2000
                                                           390.90 Mvar   0.2000
  82   Convergente       16.400   16.400   16.400    1455.93 MW     0.2000
                                                           391.57 Mvar   0.2000
  83   Convergente       16.600   16.600   16.600    1458.43 MW     0.2000
                                                           392.24 Mvar   0.2000
  84   Convergente       16.800   16.800   16.800    1460.93 MW     0.2000
                                                           392.92 Mvar   0.2000
  85   Convergente       17.000   17.000   17.000    1463.44 MW     0.2000
                                                           393.59 Mvar   0.2000
  86   Convergente       17.200   17.200   17.200    1465.94 MW     0.2000
                                                           394.26 Mvar   0.2000
  87   Convergente       17.400   17.400   17.400    1468.44 MW     0.2000
                                                           394.93 Mvar   0.2000
  88   Convergente       17.600   17.600   17.600    1470.94 MW     0.2000
                                                           395.61 Mvar   0.2000
  89   Convergente       17.800   17.800   17.800    1473.44 MW     0.2000
                                                           396.28 Mvar   0.2000
  90   Convergente       18.000   18.000   18.000    1475.94 MW     0.2000
                                                           396.95 Mvar   0.2000
  91   Convergente       18.200   18.200   18.200    1478.45 MW     0.2000
                                                           397.62 Mvar   0.2000
  92   Convergente       18.400   18.400   18.400    1480.95 MW     0.2000
                                                           398.30 Mvar   0.2000
  93   Convergente       18.600   18.600   18.600    1483.45 MW     0.2000
                                                           398.97 Mvar   0.2000
  94   Convergente       18.800   18.800   18.800    1485.95 MW     0.2000
                                                           399.64 Mvar   0.2000
  95   Convergente       19.000   19.000   19.000    1488.45 MW     0.2000
                                                           400.32 Mvar   0.2000
  96   Convergente       19.200   19.200   19.200    1490.95 MW     0.2000
                                                           400.99 Mvar   0.2000
  97   Convergente       19.400   19.400   19.400    1493.46 MW     0.2000
                                                           401.66 Mvar   0.2000
  98   Convergente       19.600   19.600   19.600    1495.96 MW     0.2000
                                                           402.33 Mvar   0.2000
  99   Convergente       19.800   19.800   19.800    1498.46 MW     0.2000
                                                           403.01 Mvar   0.2000
  100  Convergente       20.000   20.000   20.000    1500.96 MW     0.2000
                                                           403.68 Mvar   0.2000
  101  Convergente       20.200   20.200   20.200    1503.46 MW     0.2000
                                                           404.35 Mvar   0.2000
  102  Convergente       20.400   20.400   20.400    1505.96 MW     0.2000
                                                           405.03 Mvar   0.2000
  103  Convergente       20.600   20.600   20.600    1508.46 MW     0.2000
                                                           405.70 Mvar   0.2000
  104  Convergente       20.800   20.800   20.800    1510.97 MW     0.2000
                                                           406.37 Mvar   0.2000
  105  Convergente       21.000   21.000   21.000    1513.47 MW     0.2000
                                                           407.04 Mvar   0.2000
  106  Convergente       21.200   21.200   21.200    1515.97 MW     0.2000
                                                           407.72 Mvar   0.2000
  107  Convergente       21.400   21.400   21.400    1518.47 MW     0.2000
                                                           408.39 Mvar   0.2000
  108  Convergente       21.600   21.600   21.600    1520.97 MW     0.2000
                                                           409.06 Mvar   0.2000
  109  Convergente       21.800   21.800   21.800    1523.47 MW     0.2000
                                                           409.74 Mvar   0.2000
  110  Convergente       22.000   22.000   22.000    1525.98 MW     0.2000
                                                           410.41 Mvar   0.2000
  111  Convergente       22.200   22.200   22.200    1528.48 MW     0.2000
                                                           411.08 Mvar   0.2000
  112  Convergente       22.400   22.400   22.400    1530.98 MW     0.2000
                                                           411.75 Mvar   0.2000
  113  Convergente       22.600   22.600   22.600    1533.48 MW     0.2000
                                                           412.43 Mvar   0.2000
  114  Convergente       22.800   22.800   22.800    1535.98 MW     0.2000
                                                           413.10 Mvar   0.2000
  115  Convergente       23.000   23.000   23.000    1538.48 MW     0.2000
                                                           413.77 Mvar   0.2000
  116  Convergente       23.200   23.200   23.200    1540.99 MW     0.2000
                                                           414.44 Mvar   0.2000
  117  Convergente       23.400   23.400   23.400    1543.49 MW     0.2000
                                                           415.12 Mvar   0.2000
  118  Convergente       23.600   23.600   23.600    1545.99 MW     0.2000
                                                           415.79 Mvar   0.2000
  119  Convergente       23.800   23.800   23.800    1548.49 MW     0.2000
                                                           416.46 Mvar   0.2000
  120  Convergente       24.000   24.000   24.000    1550.99 MW     0.2000
                                                           417.14 Mvar   0.2000
  121  Convergente       24.200   24.200   24.200    1553.49 MW     0.2000
                                                           417.81 Mvar   0.2000
  122  Convergente       24.400   24.400   24.400    1556.00 MW     0.2000
                                                           418.48 Mvar   0.2000
  123  Convergente       24.600   24.600   24.600    1558.50 MW     0.2000
                                                           419.15 Mvar   0.2000
  124  Convergente       24.800   24.800   24.800    1561.00 MW     0.2000
                                                           419.83 Mvar   0.2000
  125  Convergente       25.000   25.000   25.000    1563.50 MW     0.2000
                                                           420.50 Mvar   0.2000
  126  Convergente       25.200   25.200   25.200    1566.00 MW     0.2000
                                                           421.17 Mvar   0.2000
  127  Convergente       25.400   25.400   25.400    1568.50 MW     0.2000
                                                           421.85 Mvar   0.2000
  128  Convergente       25.600   25.600   25.600    1571.00 MW     0.2000
                                                           422.52 Mvar   0.2000
  129  Convergente       25.800   25.800   25.800    1573.51 MW     0.2000
                                                           423.19 Mvar   0.2000
  130  Convergente       26.000   26.000   26.000    1576.01 MW     0.2000
                                                           423.86 Mvar   0.2000
  131  Convergente       26.200   26.200   26.200    1578.51 MW     0.2000
                                                           424.54 Mvar   0.2000
  132  Convergente       26.400   26.400   26.400    1581.01 MW     0.2000
                                                           425.21 Mvar   0.2000
  133  Convergente       26.600   26.600   26.600    1583.51 MW     0.2000
                                                           425.88 Mvar   0.2000
  134  Convergente       26.800   26.800   26.800    1586.01 MW     0.2000
                                                           426.56 Mvar   0.2000
  135  Convergente       27.000   27.000   27.000    1588.52 MW     0.2000
                                                           427.23 Mvar   0.2000
  136  Convergente       27.200   27.200   27.200    1591.02 MW     0.2000
                                                           427.90 Mvar   0.2000
  137  Convergente       27.400   27.400   27.400    1593.52 MW     0.2000
                                                           428.57 Mvar   0.2000
  138  Convergente       27.600   27.600   27.600    1596.02 MW     0.2000
                                                           429.25 Mvar   0.2000
  139  Convergente       27.800   27.800   27.800    1598.52 MW     0.2000
                                                           429.92 Mvar   0.2000
  140  Convergente       28.000   28.000   28.000    1601.02 MW     0.2000
                                                           430.59 Mvar   0.2000
  141  Convergente       28.200   28.200   28.200    1603.53 MW     0.2000
                                                           431.26 Mvar   0.2000
  142  Convergente       28.400   28.400   28.400    1606.03 MW     0.2000
                                                           431.94 Mvar   0.2000
  143  Convergente       28.600   28.600   28.600    1608.53 MW     0.2000
                                                           432.61 Mvar   0.2000
  144  Convergente       28.800   28.800   28.800    1611.03 MW     0.2000
                                                           433.28 Mvar   0.2000
  145  Convergente       29.000   29.000   29.000    1613.53 MW     0.2000
                                                           433.96 Mvar   0.2000
  146  Convergente       29.200   29.200   29.200    1616.03 MW     0.2000
                                                           434.63 Mvar   0.2000
  147  Convergente       29.400   29.400   29.400    1618.54 MW     0.2000
                                                           435.30 Mvar   0.2000
  148  Convergente       29.600   29.600   29.600    1621.04 MW     0.2000
                                                           435.97 Mvar   0.2000
  149  Convergente       29.800   29.800   29.800    1623.54 MW     0.2000
                                                           436.65 Mvar   0.2000
  150  Convergente       30.000   30.000   30.000    1626.04 MW     0.2000
                                                           437.32 Mvar   0.2000
  151  Convergente       30.200   30.200   30.200    1628.54 MW     0.2000
                                                           437.99 Mvar   0.2000
  152  Convergente       30.400   30.400   30.400    1631.04 MW     0.2000
                                                           438.67 Mvar   0.2000
  153  Convergente       30.600   30.600   30.600    1633.54 MW     0.2000
                                                           439.34 Mvar   0.2000
  154  Convergente       30.800   30.800   30.800    1636.05 MW     0.2000
                                                           440.01 Mvar   0.2000
  155  Convergente       31.000   31.000   31.000    1638.55 MW     0.2000
                                                           440.68 Mvar   0.2000
  156  Convergente       31.200   31.200   31.200    1641.05 MW     0.2000
                                                           441.36 Mvar   0.2000
  157  Convergente       31.400   31.400   31.400    1643.55 MW     0.2000
                                                           442.03 Mvar   0.2000
  158  Convergente       31.600   31.600   31.600    1646.05 MW     0.2000
                                                           442.70 Mvar   0.2000
  159  Convergente       31.800   31.800   31.800    1648.55 MW     0.2000
                                                           443.38 Mvar   0.2000
  160  Convergente       32.000   32.000   32.000    1651.06 MW     0.2000
                                                           444.05 Mvar   0.2000
  161  Convergente       32.200   32.200   32.200    1653.56 MW     0.2000
                                                           444.72 Mvar   0.2000
  162  Convergente       32.400   32.400   32.400    1656.06 MW     0.2000
                                                           445.39 Mvar   0.2000
  163  Convergente       32.600   32.600   32.600    1658.56 MW     0.2000
                                                           446.07 Mvar   0.2000
  164  Convergente       32.800   32.800   32.800    1661.06 MW     0.2000
                                                           446.74 Mvar   0.2000
  165  Convergente       33.000   33.000   33.000    1663.56 MW     0.2000
                                                           447.41 Mvar   0.2000
  166  Convergente       33.200   33.200   33.200    1666.07 MW     0.2000
                                                           448.08 Mvar   0.2000
  167  Convergente       33.400   33.400   33.400    1668.57 MW     0.2000
                                                           448.76 Mvar   0.2000
  168  Convergente       33.600   33.600   33.600    1671.07 MW     0.2000
                                                           449.43 Mvar   0.2000
  169  Convergente       33.800   33.800   33.800    1673.57 MW     0.2000
                                                           450.10 Mvar   0.2000
  170  Convergente       34.000   34.000   34.000    1676.07 MW     0.2000
                                                           450.78 Mvar   0.2000
  171  Convergente       34.200   34.200   34.200    1678.57 MW     0.2000
                                                           451.45 Mvar   0.2000
  172  Convergente       34.400   34.400   34.400    1681.08 MW     0.2000
                                                           452.12 Mvar   0.2000
  173  Convergente       34.600   34.600   34.600    1683.58 MW     0.2000
                                                           452.79 Mvar   0.2000
  174  Convergente       34.800   34.800   34.800    1686.08 MW     0.2000
                                                           453.47 Mvar   0.2000
  175  Convergente       35.000   35.000   35.000    1688.58 MW     0.2000
                                                           454.14 Mvar   0.2000
  176  Convergente       35.200   35.200   35.200    1691.08 MW     0.2000
                                                           454.81 Mvar   0.2000
  177  Convergente       35.400   35.400   35.400    1693.58 MW     0.2000
                                                           455.49 Mvar   0.2000
  178  Convergente       35.600   35.600   35.600    1696.08 MW     0.2000
                                                           456.16 Mvar   0.2000
  179  Convergente       35.800   35.800   35.800    1698.59 MW     0.2000
                                                           456.83 Mvar   0.2000
  180  Convergente       36.000   36.000   36.000    1701.09 MW     0.2000
                                                           457.50 Mvar   0.2000
  181  Convergente       36.200   36.200   36.200    1703.59 MW     0.2000
                                                           458.18 Mvar   0.2000
  182  Convergente       36.400   36.400   36.400    1706.09 MW     0.2000
                                                           458.85 Mvar   0.2000
  183  Convergente       36.600   36.600   36.600    1708.59 MW     0.2000
                                                           459.52 Mvar   0.2000
  184  Convergente       36.800   36.800   36.800    1711.09 MW     0.2000
                                                           460.20 Mvar   0.2000
  185  Convergente       37.000   37.000   37.000    1713.60 MW     0.2000
                                                           460.87 Mvar   0.2000
  186  Convergente       37.200   37.200   37.200    1716.10 MW     0.2000
                                                           461.54 Mvar   0.2000
  187  Convergente       37.400   37.400   37.400    1718.60 MW     0.2000
                                                           462.21 Mvar   0.2000
  188  Convergente       37.600   37.600   37.600    1721.10 MW     0.2000
                                                           462.89 Mvar   0.2000
  189  Convergente       37.800   37.800   37.800    1723.60 MW     0.2000
                                                           463.56 Mvar   0.2000
  190  Convergente       38.000   38.000   38.000    1726.10 MW     0.2000
                                                           464.23 Mvar   0.2000
  191  Convergente       38.200   38.200   38.200    1728.61 MW     0.2000
                                                           464.90 Mvar   0.2000
  192  Convergente       38.400   38.400   38.400    1731.11 MW     0.2000
                                                           465.58 Mvar   0.2000
  193  Convergente       38.600   38.600   38.600    1733.61 MW     0.2000
                                                           466.25 Mvar   0.2000
  194  Convergente       38.800   38.800   38.800    1736.11 MW     0.2000
                                                           466.92 Mvar   0.2000
  195  Convergente       39.000   39.000   39.000    1738.61 MW     0.2000
                                                           467.60 Mvar   0.2000
  196  Convergente       39.200   39.200   39.200    1741.11 MW     0.2000
                                                           468.27 Mvar   0.2000
  197  Convergente       39.400   39.400   39.400    1743.62 MW     0.2000
                                                           468.94 Mvar   0.2000
  198  Convergente       39.600   39.600   39.600    1746.12 MW     0.2000
                                                           469.61 Mvar   0.2000
  199  Convergente       39.800   39.800   39.800    1748.62 MW     0.2000
                                                           470.29 Mvar   0.2000
  200  Convergente       40.000   40.000   40.000    1751.12 MW     0.2000
                                                           470.96 Mvar   0.2000
  201  Convergente       40.200   40.200   40.200    1753.62 MW     0.2000
                                                           471.63 Mvar   0.2000
  202  Convergente       40.400   40.400   40.400    1756.12 MW     0.2000
                                                           472.31 Mvar   0.2000
  203  Convergente       40.600   40.600   40.600    1758.62 MW     0.2000
                                                           472.98 Mvar   0.2000
  204  Convergente       40.800   40.800   40.800    1761.13 MW     0.2000
                                                           473.65 Mvar   0.2000
  205  Convergente       41.000   41.000   41.000    1763.63 MW     0.2000
                                                           474.32 Mvar   0.2000
  206  Convergente       41.200   41.200   41.200    1766.13 MW     0.2000
                                                           475.00 Mvar   0.2000
  207  Convergente       41.400   41.400   41.400    1768.63 MW     0.2000
                                                           475.67 Mvar   0.2000
  208  Convergente       41.600   41.600   41.600    1771.13 MW     0.2000
                                                           476.34 Mvar   0.2000
  209  Convergente       41.800   41.800   41.800    1773.63 MW     0.2000
                                                           477.02 Mvar   0.2000
  210  Convergente       42.000   42.000   42.000    1776.14 MW     0.2000
                                                           477.69 Mvar   0.2000
  211  Convergente       42.200   42.200   42.200    1778.64 MW     0.2000
                                                           478.36 Mvar   0.2000
  212  Convergente       42.400   42.400   42.400    1781.14 MW     0.2000
                                                           479.03 Mvar   0.2000
  213  Convergente       42.600   42.600   42.600    1783.64 MW     0.2000
                                                           479.71 Mvar   0.2000
  214  Convergente       42.800   42.800   42.800    1786.14 MW     0.2000
                                                           480.38 Mvar   0.2000
  215  Convergente       43.000   43.000   43.000    1788.64 MW     0.2000
                                                           481.05 Mvar   0.2000
  216  Convergente       43.200   43.200   43.200    1791.15 MW     0.2000
                                                           481.72 Mvar   0.2000
  217  Convergente       43.400   43.400   43.400    1793.65 MW     0.2000
                                                           482.40 Mvar   0.2000
  218  Convergente       43.600   43.600   43.600    1796.15 MW     0.2000
                                                           483.07 Mvar   0.2000
  219  Convergente       43.800   43.800   43.800    1798.65 MW     0.2000
                                                           483.74 Mvar   0.2000
  220  Convergente       44.000   44.000   44.000    1801.15 MW     0.2000
                                                           484.42 Mvar   0.2000
  221  Convergente       44.200   44.200   44.200    1803.65 MW     0.2000
                                                           485.09 Mvar   0.2000
  222  Convergente       44.400   44.400   44.400    1806.16 MW     0.2000
                                                           485.76 Mvar   0.2000
  223  Convergente       44.600   44.600   44.600    1808.66 MW     0.2000
                                                           486.43 Mvar   0.2000
  224  Convergente       44.800   44.800   44.800    1811.16 MW     0.2000
                                                           487.11 Mvar   0.2000
  225  Convergente       45.000   45.000   45.000    1813.66 MW     0.2000
                                                           487.78 Mvar   0.2000
  226  Convergente       45.200   45.200   45.200    1816.16 MW     0.2000
                                                           488.45 Mvar   0.2000
  227  Convergente       45.400   45.400   45.400    1818.66 MW     0.2000
                                                           489.13 Mvar   0.2000
  228  Convergente       45.600   45.600   45.600    1821.16 MW     0.2000
                                                           489.80 Mvar   0.2000
  229  Convergente       45.800   45.800   45.800    1823.67 MW     0.2000
                                                           490.47 Mvar   0.2000
  230  Convergente       46.000   46.000   46.000    1826.17 MW     0.2000
                                                           491.14 Mvar   0.2000
  231  Convergente       46.200   46.200   46.200    1828.67 MW     0.2000
                                                           491.82 Mvar   0.2000
  232  Convergente       46.400   46.400   46.400    1831.17 MW     0.2000
                                                           492.49 Mvar   0.2000
  233  Convergente       46.600   46.600   46.600    1833.67 MW     0.2000
                                                           493.16 Mvar   0.2000
  234  Convergente       46.800   46.800   46.800    1836.17 MW     0.2000
                                                           493.84 Mvar   0.2000
  235  Convergente       47.000   47.000   47.000    1838.68 MW     0.2000
                                                           494.51 Mvar   0.2000
  236  Divergente        47.200   47.200   47.200      ---      MW     0.2000
                                                            ---      Mvar   0.2000
  237  Convergente       47.100   47.100   47.100    1839.93 MW     0.1000
                                                           494.84 Mvar   0.1000
  238  Divergente        47.200   47.200   47.200      ---      MW     0.1000
                                                            ---      Mvar   0.1000
  239  Convergente       47.150   47.150   47.150    1840.55 MW     0.0500
                                                           495.01 Mvar   0.0500
  240  Divergente        47.200   47.200   47.200      ---      MW     0.0500
                                                            ---      Mvar   0.0500
  241  Divergente        47.175   47.175   47.175      ---      MW     0.0250
                                                            ---      Mvar   0.0250
  242  Divergente        47.163   47.163   47.163      ---      MW     0.0125
                                                            ---      Mvar   0.0125
  243  Convergente       47.156   47.156   47.156    1840.63 MW     0.0063
                                                           495.03 Mvar   0.0063
  244  Divergente        47.163   47.163   47.163      ---      MW     0.0063
                                                            ---      Mvar   0.0063
  245  Convergente       47.159   47.159   47.159    1840.67 MW     0.0031
                                                           495.04 Mvar   0.0031
  246  Divergente        47.163   47.163   47.163      ---      MW     0.0031
                                                            ---      Mvar   0.0031
  247  Divergente        47.161   47.161   47.161      ---      MW     0.0016
                                                            ---      Mvar   0.0016
  248  Divergente        47.160   47.160   47.160      ---      MW     0.0008
                                                            ---      Mvar   0.0008
X----X----------------X--------------------------X-------------------------X---------X
