
================================================================================
RELATORIO DE ANALISE DE ESTABILIDADE DE TENSAO (COLAPSO)
SISTEMA: IEEE 39 BARRAS (NEW ENGLAND)
DATA: 22/05/2026 12:13:18
================================================================================
RESUMO DO PONTO DE COLAPSO
--------------------------
Fator de Escala Final (Lambda): 2.1357
Carregamento Total do Sistema : 13357.13 MW
Tensao Minima do Sistema      : 0.6629 pu (Barra 6)
ESTADO DAS BARRAS
================================================================================
BARRA   | V (pu)  | ANG (deg) | P_INJ (MW) | Q_INJ (Mvar)
--------------------------------------------------------------------------------
6       | 0.6629  | -51.34    | 499.33     | 179.40      
7       | 0.6666  | -54.20    | 1114.83    | 377.16      
11      | 0.6794  | -35.71    | 18.22      | 187.94      
4       | 0.6883  | -44.11    | 0.00       | 0.00        
3       | 0.6951  | -52.12    | 1067.85    | 392.97      
5       | 0.6975  | -40.26    | 0.00       | 0.00        
13      | 0.7216  | -44.07    | 0.00       | 0.00        
10      | 0.7323  | -35.05    | 0.00       | 0.00        
12      | 0.7399  | -35.81    | 0.00       | 0.00        
14      | 0.7570  | -49.04    | 683.42     | 326.76      
9       | 0.7584  | -32.51    | 0.00       | 0.00        
17      | 0.8161  | -51.83    | 337.44     | 64.07       
16      | 0.8213  | -49.05    | 0.00       | 0.00        
15      | 0.8218  | -45.28    | 702.64     | 68.98       
2       | 0.8226  | -52.55    | 687.69     | 5.13        
26      | 0.8324  | -50.50    | 600.13     | 161.24      
20      | 0.8353  | -37.59    | 585.18     | 245.60      
23      | 0.8369  | -44.93    | 659.08     | -196.91     
25      | 0.8811  | -44.92    | 296.86     | 36.31       
22      | 0.9095  | -25.06    | 528.58     | 180.68      
27      | 0.9120  | -35.25    | 439.95     | 58.95       
19      | 0.9128  | -36.08    | 1452.27    | 219.98      
8       | 0.9146  | -57.75    | 13.88      | -142.24     
21      | 0.9247  | -24.47    | 0.00       | 0.00        
1       | 0.9344  | -45.86    | 0.00       | 0.00        
28      | 0.9430  | -27.95    | 605.47     | 57.45       
18      | 0.9475  | -32.30    | 0.00       | 0.00        
24      | 0.9606  | -42.42    | 478.40     | 100.80      
0       | 0.9795  | -56.17    | 208.44     | 94.40       
30      | 0.9820  | 0.00      | -1654.55   | -1903.35    
31      | 0.9841  | -9.05     | -1388.20   | -1642.87    
32      | 0.9972  | -20.16    | -1349.76   | -856.86     
33      | 1.0123  | -24.14    | -1084.93   | -661.01     
37      | 1.0265  | -11.36    | -1772.63   | -861.97     
36      | 1.0275  | -26.49    | -1153.28   | -529.68     
38      | 1.0300  | -58.77    | 222.11     | -593.92     
34      | 1.0494  | -12.37    | -1388.20   | -1228.14    
29      | 1.0499  | -40.07    | -533.92    | -829.03     
35      | 1.0636  | -5.65     | -1195.99   | -782.76     

================================================================================
FLUXO NOS RAMOS (LINHAS E TRANSFORMADORES)
================================================================================
TIPO  | ID    | DE      | PARA    | P_DE (MW) | Q_DE (Mvar) | CARREG (%)
--------------------------------------------------------------------------------
TRF   | 2     | 9       | 31      | -1388.20  | -687.51     | 242.8
LIN   | 21    | 15      | 18      | -925.59   | -362.00     | 201.6
LIN   | 2     | 1       | 2       | 650.70    | 659.16      | 201.3
TRF   | 8     | 21      | 34      | -1388.20  | -782.04     | 196.2
LIN   | 11    | 5       | 10      | -584.55   | -223.87     | 187.0
LIN   | 16    | 9       | 12      | 777.48    | 272.82      | 181.4
TRF   | 6     | 18      | 32      | -1331.77  | -491.86     | 178.1
LIN   | 17    | 12      | 13      | 770.65    | 116.25      | 175.7
LIN   | 26    | 20      | 21      | -1270.35  | -325.37     | 174.4
LIN   | 10    | 5       | 6       | 985.00    | 288.81      | 163.7
LIN   | 15    | 9       | 10      | 610.72    | 414.69      | 162.7
TRF   | 10    | 28      | 37      | -1743.13  | -286.77     | 160.0
LIN   | 7     | 3       | 13      | -548.34   | -73.80      | 159.2
LIN   | 8     | 4       | 5       | -1247.49  | -105.59     | 151.6
LIN   | 29    | 22      | 35      | -1186.96  | -291.51     | 149.3
LIN   | 28    | 22      | 23      | 756.37    | 255.76      | 147.2
LIN   | 19    | 14      | 15      | -478.20   | -466.53     | 147.1
TRF   | 1     | 5       | 30      | -1654.55  | -254.46     | 142.7
TRF   | 7     | 19      | 33      | -1070.76  | -377.50     | 139.4
LIN   | 22    | 15      | 20      | -679.70   | -4.91       | 137.8
TRF   | 9     | 24      | 36      | -1144.12  | -175.75     | 137.2
LIN   | 34    | 27      | 28      | -730.07   | -83.78      | 134.3
LIN   | 6     | 3       | 4       | -514.36   | 102.10      | 125.9
LIN   | 4     | 2       | 3       | 9.80      | 484.71      | 121.2
LIN   | 9     | 4       | 7       | 728.56    | 141.08      | 119.9
LIN   | 3     | 1       | 24      | -506.75   | 140.38      | 113.2
LIN   | 31    | 25      | 26      | 510.49    | 257.20      | 109.6
TRF   | 0     | 1       | 29      | -533.92   | -669.37     | 104.4
LIN   | 20    | 15      | 16      | 497.42    | -22.80      | 101.0
LIN   | 24    | 16      | 17      | 398.98    | 23.11       | 81.2
LIN   | 12    | 6       | 7       | 472.66    | -84.93      | 80.5
LIN   | 13    | 7       | 8       | 74.97     | -465.33     | 78.6
LIN   | 33    | 25      | 28      | -387.50   | -33.99      | 73.6
LIN   | 0     | 0       | 1       | -383.47   | 142.41      | 73.3
LIN   | 14    | 8       | 38      | 50.00     | -473.83     | 57.9
LIN   | 18    | 13      | 14      | 207.25    | -135.29     | 57.2
LIN   | 32    | 25      | 27      | -285.60   | -37.72      | 54.5
TRF   | 5     | 18      | 19      | 382.95    | -129.31     | 50.2
LIN   | 30    | 24      | 25      | 136.67    | 201.02      | 49.0
LIN   | 23    | 15      | 23      | -79.91    | -207.59     | 45.1
LIN   | 27    | 21      | 22      | 98.20     | 132.70      | 32.1
LIN   | 1     | 0       | 38      | 175.03    | -236.81     | 30.1
TRF   | 4     | 11      | 12      | -1.74     | -100.24     | 29.7
TRF   | 3     | 11      | 10      | -16.47    | -87.70      | 26.4
LIN   | 25    | 16      | 26      | 95.87     | -69.51      | 24.0
LIN   | 5     | 2       | 17      | -59.79    | 38.32       | 19.4

================================================================================
FIM DO RELATORIO
================================================================================
